,Player,Play Type,Secondary Player,Clock,Quarter,Team,Opponent,Score,Home?,Distance,Points,Shot Type
0,Kevin Durant,JUMP_BALL,None,12:00,1,Warriors,Heat,0 - 0,0,N/A,N/A,N/A
1,Klay Thompson,FG_ASSISTED,Kevin Durant,11:40,1,Warriors,Heat,3 - 0,0,26,3,Jumper
2,Draymond Green,FOUL_ON_FLOOR,None,11:26,1,Warriors,Heat,3 - 0,0,N/A,N/A,N/A
3,Stephen Curry,FOUL_ON_FLOOR,None,11:23,1,Warriors,Heat,3 - 0,0,N/A,N/A,N/A
4,Kelly Olynyk,FG_ASSISTED,Josh Richardson,11:12,1,Heat,Warriors,3 - 3,1,25,3,Jumper
5,Stephen Curry,FG_MISS,None,10:59,1,Warriors,Heat,3 - 3,0,25,3,Jumper
6,Bam Adebayo,DEFENSIVE_REBOUND,None,10:57,1,Heat,Warriors,3 - 3,1,N/A,N/A,N/A
7,Kevon Looney,FOUL_ON_FLOOR,None,10:53,1,Warriors,Heat,3 - 3,0,N/A,N/A,N/A
8,Bam Adebayo,FT_MISS,None,10:53,1,Heat,Warriors,3 - 3,1,N/A,1,N/A
9,Team,OFFENSIVE_REBOUND,None,10:53,1,Heat,Warriors,3 - 3,1,N/A,N/A,N/A
10,Bam Adebayo,FT,None,10:53,1,Heat,Warriors,3 - 4,1,N/A,1,N/A
11,Klay Thompson,FG_MISS,None,10:33,1,Warriors,Heat,3 - 4,0,23,3,Jumper
12,Justise Winslow,DEFENSIVE_REBOUND,None,10:30,1,Heat,Warriors,3 - 4,1,N/A,N/A,N/A
13,Dion Waiters,FG_MISS,None,10:17,1,Heat,Warriors,3 - 4,1,0,2,Layup
14,Stephen Curry,DEFENSIVE_REBOUND,None,10:15,1,Warriors,Heat,3 - 4,0,N/A,N/A,N/A
15,Draymond Green,FG_UNASSISTED,None,10:13,1,Warriors,Heat,5 - 4,0,-,3,Jumper
16,Dion Waiters,TURNOVER,Kevon Looney,9:54,1,Heat,Warriors,5 - 4,1,N/A,N/A,N/A
17,Stephen Curry,FG_UNASSISTED,None,9:49,1,Warriors,Heat,7 - 4,0,-,3,Jumper
18,Josh Richardson,FG_ASSISTED,Justise Winslow,9:32,1,Heat,Warriors,7 - 7,1,26,3,Jumper
19,Dion Waiters,FOUL_ON_FLOOR,None,9:10,1,Heat,Warriors,7 - 7,1,N/A,N/A,N/A
20,Klay Thompson,FG_MISS,None,9:06,1,Warriors,Heat,7 - 7,0,26,3,Jumper
21,Kelly Olynyk,DEFENSIVE_REBOUND,None,9:04,1,Heat,Warriors,7 - 7,1,N/A,N/A,N/A
22,Draymond Green,FOUL_ON_FLOOR,None,8:58,1,Warriors,Heat,7 - 7,0,N/A,N/A,N/A
23,Jonas Jerebko,SUBSTITUTION,Green Draymond,8:58,1,Warriors,Heat,7 - 7,0,N/A,N/A,N/A
24,Dion Waiters,FG_MISS,None,8:51,1,Heat,Warriors,7 - 7,1,23,3,Jumper
25,Josh Richardson,OFFENSIVE_REBOUND,None,8:49,1,Heat,Warriors,7 - 7,1,N/A,N/A,N/A
26,Bam Adebayo,FG_ASSISTED,Kelly Olynyk,8:37,1,Heat,Warriors,7 - 9,1,4,3,Jumper
27,Kevin Durant,FG_MISS,None,8:24,1,Warriors,Heat,7 - 9,0,26,3,Jumper
28,Kevon Looney,OFFENSIVE_REBOUND,None,8:22,1,Warriors,Heat,7 - 9,0,N/A,N/A,N/A
29,Stephen Curry,FG_MISS,None,8:19,1,Warriors,Heat,7 - 9,0,23,3,Jumper
30,Dion Waiters,DEFENSIVE_REBOUND,None,8:15,1,Heat,Warriors,7 - 9,1,N/A,N/A,N/A
31,Kevon Looney,FOUL_ON_FLOOR,None,8:09,1,Warriors,Heat,7 - 9,0,N/A,N/A,N/A
32,Dion Waiters,FT_MISS,None,8:09,1,Heat,Warriors,7 - 9,1,N/A,1,N/A
33,Team,OFFENSIVE_REBOUND,None,8:09,1,Heat,Warriors,7 - 9,1,N/A,N/A,N/A
34,Team,Unknown,None,8:09,1,Warriors,Heat,7 - 9,0,N/A,N/A,N/A
35,Jordan Bell,SUBSTITUTION,Looney Kevon,8:09,1,Warriors,Heat,7 - 9,0,N/A,N/A,N/A
36,Dion Waiters,FT,None,8:09,1,Heat,Warriors,7 - 10,1,N/A,1,N/A
37,Kevin Durant,FG_MISS,None,7:53,1,Warriors,Heat,7 - 10,0,16,3,Jumper
38,Josh Richardson,DEFENSIVE_REBOUND,None,7:51,1,Heat,Warriors,7 - 10,1,N/A,N/A,N/A
39,Jonas Jerebko,FOUL_ON_FLOOR,None,7:33,1,Warriors,Heat,7 - 10,0,N/A,N/A,N/A
40,Kelly Olynyk,FT,None,7:33,1,Heat,Warriors,7 - 11,1,N/A,1,N/A
41,Kelly Olynyk,FT,None,7:33,1,Heat,Warriors,7 - 12,1,N/A,1,N/A
42,Stephen Curry,FG_ASSISTED,Jonas Jerebko,7:18,1,Warriors,Heat,9 - 12,0,2,3,Jumper
43,Justise Winslow,FG_ASSISTED,Bam Adebayo,6:59,1,Heat,Warriors,9 - 14,1,0,2,Dunk
44,Kevin Durant,FG_MISS,None,6:47,1,Warriors,Heat,9 - 14,0, ,3,Jumper
45,Kelly Olynyk,DEFENSIVE_REBOUND,None,6:44,1,Heat,Warriors,9 - 14,1,N/A,N/A,N/A
46,Dion Waiters,FG_MISS,None,6:37,1,Heat,Warriors,9 - 14,1,26,3,Jumper
47,Team,DEFENSIVE_REBOUND,None,6:36,1,Warriors,Heat,9 - 14,0,N/A,N/A,N/A
48,Jordan Bell,FG_MISS,Bam Adebayo,6:25,1,Heat,Warriors,9 - 14,0,0,2,Layup
49,Bam Adebayo,DEFENSIVE_REBOUND,None,6:22,1,Heat,Warriors,9 - 14,1,N/A,N/A,N/A
50,Kelly Olynyk,FG_ASSISTED,Josh Richardson,6:13,1,Heat,Warriors,9 - 16,1, ,3,Jumper
51,Bam Adebayo,FOUL_ON_FLOOR,None,6:04,1,Heat,Warriors,9 - 16,1,N/A,N/A,N/A
52,Kevin Durant,FT,None,6:04,1,Warriors,Heat,10 - 16,0,N/A,1,N/A
53,Dwyane Wade,SUBSTITUTION,Richardson Josh,6:04,1,Heat,Warriors,10 - 16,1,N/A,N/A,N/A
54,Derrick Jones,SUBSTITUTION,Olynyk Kelly,6:04,1,Heat,Warriors,10 - 16,1,N/A,N/A,N/A
55,Kevin Durant,FT,None,6:04,1,Warriors,Heat,11 - 16,0,N/A,1,N/A
56,Derrick Jones,FG_MISS,None,5:39,1,Heat,Warriors,11 - 16,1,23,3,Jumper
57,Jordan Bell,DEFENSIVE_REBOUND,None,5:36,1,Warriors,Heat,11 - 16,0,N/A,N/A,N/A
58,Stephen Curry,TURNOVER,Dwyane Wade,5:31,1,Warriors,Heat,11 - 16,0,N/A,N/A,N/A
59,Dwyane Wade,FG_UNASSISTED,None,5:26,1,Heat,Warriors,11 - 18,1,0,2,Dunk
60,Stephen Curry,FG_UNASSISTED,None,5:13,1,Warriors,Heat,14 - 18,0,26,3,Jumper
61,Bam Adebayo,FOUL_ON_FLOOR,None,5:02,1,Heat,Warriors,14 - 18,1,N/A,N/A,N/A
62,Bam Adebayo,TURNOVER,None,5:02,1,Heat,Warriors,14 - 18,1,N/A,N/A,N/A
63,Kelly Olynyk,SUBSTITUTION,Adebayo Bam,5:02,1,Heat,Warriors,14 - 18,1,N/A,N/A,N/A
64,Kevin Durant,FG_MISS,None,4:49,1,Warriors,Heat,14 - 18,0,26,3,Jumper
65,Justise Winslow,DEFENSIVE_REBOUND,None,4:43,1,Heat,Warriors,14 - 18,1,N/A,N/A,N/A
66,Dwyane Wade,FG_ASSISTED,Justise Winslow,4:40,1,Heat,Warriors,14 - 21,1,25,3,Jumper
67,Stephen Curry,FG_MISS,None,4:21,1,Warriors,Heat,14 - 21,0,24,3,Jumper
68,Jonas Jerebko,OFFENSIVE_REBOUND,None,4:19,1,Warriors,Heat,14 - 21,0,N/A,N/A,N/A
69,Jonas Jerebko,FG_UNASSISTED,None,4:15,1,Warriors,Heat,16 - 21,0,16,3,Jumper
70,Justise Winslow,FG_MISS,None,4:01,1,Heat,Warriors,16 - 21,1,26,3,Jumper
71,Kevin Durant,DEFENSIVE_REBOUND,None,3:58,1,Warriors,Heat,16 - 21,0,N/A,N/A,N/A
72,Jonas Jerebko,FG_MISS,None,3:49,1,Warriors,Heat,16 - 21,0, ,3,Jumper
73,Dion Waiters,DEFENSIVE_REBOUND,None,3:46,1,Heat,Warriors,16 - 21,1,N/A,N/A,N/A
74,Kelly Olynyk,FG_ASSISTED,Dwyane Wade,3:36,1,Heat,Warriors,16 - 23,1,0,2,Layup
75,Derrick Jones,FOUL_ON_FLOOR,None,3:31,1,Heat,Warriors,16 - 23,1,N/A,N/A,N/A
76,Kevin Durant,FT,None,3:31,1,Warriors,Heat,17 - 23,0,N/A,1,N/A
77,Goran Dragic,SUBSTITUTION,Waiters Dion,3:31,1,Heat,Warriors,17 - 23,1,N/A,N/A,N/A
78,Josh Richardson,SUBSTITUTION,Winslow Justise,3:31,1,Heat,Warriors,17 - 23,1,N/A,N/A,N/A
79,Alfonzo McKinnie,SUBSTITUTION,Thompson Klay,3:31,1,Warriors,Heat,17 - 23,0,N/A,N/A,N/A
80,Kevin Durant,FT,None,3:31,1,Warriors,Heat,18 - 23,0,N/A,1,N/A
81,Stephen Curry,Unknown,None,3:17,1,Warriors,Heat,18 - 23,0,N/A,N/A,N/A
82,Dwyane Wade,FG_UNASSISTED,None,3:09,1,Heat,Warriors,18 - 25,1,9,3,Jumper
83,Kevin Durant,FG_MISS,None,2:59,1,Warriors,Heat,18 - 25,0,16,3,Jumper
84,Dwyane Wade,DEFENSIVE_REBOUND,None,2:56,1,Heat,Warriors,18 - 25,1,N/A,N/A,N/A
85,Derrick Jones,TURNOVER,None,2:42,1,Heat,Warriors,18 - 25,1,N/A,N/A,N/A
86,Derrick Jones,TURNOVER,None,2:42,1,Heat,Warriors,18 - 25,1,N/A,N/A,N/A
87,Team,Unknown,None,2:42,1,Heat,Warriors,18 - 25,1,N/A,N/A,N/A
88,Kelly Olynyk,Unknown,None,2:27,1,Heat,Warriors,18 - 25,1,N/A,N/A,N/A
89,Stephen Curry,TURNOVER,None,2:22,1,Warriors,Heat,18 - 25,0,N/A,N/A,N/A
90,Alfonzo McKinnie,FOUL_ON_FLOOR,None,2:09,1,Warriors,Heat,18 - 25,0,N/A,N/A,N/A
91,Josh Richardson,FT,None,2:09,1,Heat,Warriors,18 - 26,1,N/A,1,N/A
92,Andre Iguodala,SUBSTITUTION,Curry Stephen,2:09,1,Warriors,Heat,18 - 26,0,N/A,N/A,N/A
93,Josh Richardson,FT,None,2:09,1,Heat,Warriors,18 - 27,1,N/A,1,N/A
94,Kevin Durant,TURNOVER,None,1:50,1,Warriors,Heat,18 - 27,0,N/A,N/A,N/A
95,Goran Dragic,FG_MISS,None,1:39,1,Heat,Warriors,18 - 27,1,0,2,Layup
96,Andre Iguodala,DEFENSIVE_REBOUND,None,1:36,1,Warriors,Heat,18 - 27,0,N/A,N/A,N/A
97,Dwyane Wade,FOUL_ON_FLOOR,None,1:35,1,Heat,Warriors,18 - 27,1,N/A,N/A,N/A
98,Kevin Durant,FG_UNASSISTED,None,1:27,1,Warriors,Heat,20 - 27,0,14,3,Jumper
99,Jonas Jerebko,Unknown,None,1:19,1,Warriors,Heat,20 - 27,0,N/A,N/A,N/A
100,Alfonzo McKinnie,FOUL_ON_FLOOR,None,1:14,1,Warriors,Heat,20 - 27,0,N/A,N/A,N/A
101,Goran Dragic,FT,None,1:14,1,Heat,Warriors,20 - 28,1,N/A,1,N/A
102,Justise Winslow,SUBSTITUTION,Jones Derrick,1:14,1,Heat,Warriors,20 - 28,1,N/A,N/A,N/A
103,Goran Dragic,FT,None,1:14,1,Heat,Warriors,20 - 29,1,N/A,1,N/A
104,Jordan Bell,FG_ASSISTED,Andre Iguodala,1:07,1,Warriors,Heat,22 - 29,0,0,2,Layup
105,Kelly Olynyk,FOUL_ON_FLOOR,None,1:07,1,Heat,Warriors,22 - 29,1,N/A,N/A,N/A
106,Jordan Bell,FT_MISS,None,1:07,1,Warriors,Heat,22 - 29,0,N/A,1,N/A
107,Kelly Olynyk,DEFENSIVE_REBOUND,None,1:05,1,Heat,Warriors,22 - 29,1,N/A,N/A,N/A
108,Goran Dragic,FG_ASSISTED,Kelly Olynyk,50.9,1,Heat,Warriors,22 - 32,1,26,3,Jumper
109,Jonas Jerebko,FG_MISS,None,26.0,1,Warriors,Heat,22 - 32,0,0,2,Layup
110,Team,OFFENSIVE_REBOUND,None,26.0,1,Warriors,Heat,22 - 32,0,N/A,N/A,N/A
111,shot clock,TURNOVER,None,26.0,1,Warriors,Heat,22 - 32,0,N/A,N/A,N/A
112,Josh Richardson,FG_MISS,None,3.5,1,Heat,Warriors,22 - 32,1,21,3,Jumper
113,Jordan Bell,DEFENSIVE_REBOUND,None,2.5,1,Warriors,Heat,22 - 32,0,N/A,N/A,N/A
114,Jordan Bell,FG_MISS,None,0.5,1,Warriors,Heat,22 - 32,0, ,3,Jumper
115,Team,OFFENSIVE_REBOUND,None,0.1,1,Warriors,Heat,22 - 32,0,N/A,N/A,N/A
116,End of,Unknown,None,0.0,1,Heat,Warriors,22 - 32,1,N/A,N/A,N/A
0,Rodney McGruder,SUBSTITUTION,Winslow Justise,12:00,2,Heat,Warriors,22 - 32,1,N/A,N/A,N/A
1,Draymond Green,SUBSTITUTION,Bell Jordan,12:00,2,Warriors,Heat,22 - 32,0,N/A,N/A,N/A
2,Shaun Livingston,SUBSTITUTION,Jerebko Jonas,12:00,2,Warriors,Heat,22 - 32,0,N/A,N/A,N/A
3,Quinn Cook,SUBSTITUTION,McKinnie Alfonzo,12:00,2,Warriors,Heat,22 - 32,0,N/A,N/A,N/A
4,Klay Thompson,SUBSTITUTION,Durant Kevin,12:00,2,Warriors,Heat,22 - 32,0,N/A,N/A,N/A
5,Dwyane Wade,FG_UNASSISTED,None,11:40,2,Heat,Warriors,22 - 34,1, ,3,Jumper
6,Klay Thompson,FG_ASSISTED,Shaun Livingston,11:25,2,Warriors,Heat,24 - 34,0,18,3,Jumper
7,Goran Dragic,FG_UNASSISTED,None,11:03,2,Heat,Warriors,24 - 37,1,26,3,Jumper
8,Quinn Cook,FG_ASSISTED,Draymond Green,10:47,2,Warriors,Heat,26 - 37,0,17,3,Jumper
9,Dwyane Wade,TURNOVER,Shaun Livingston,10:39,2,Heat,Warriors,26 - 37,1,N/A,N/A,N/A
10,Draymond Green,TURNOVER,None,10:29,2,Warriors,Heat,26 - 37,0,N/A,N/A,N/A
11,Kelly Olynyk,FG_ASSISTED,Dwyane Wade,10:13,2,Heat,Warriors,26 - 39,1,0,2,Layup
12,Quinn Cook,FG_MISS,None,10:02,2,Warriors,Heat,26 - 39,0,17,3,Jumper
13,Kelly Olynyk,DEFENSIVE_REBOUND,None,10:00,2,Heat,Warriors,26 - 39,1,N/A,N/A,N/A
14,Kelly Olynyk,FG_ASSISTED,Dwyane Wade,9:47,2,Heat,Warriors,26 - 41,1, ,3,Jumper
15,Team,Unknown,None,9:42,2,Warriors,Heat,26 - 41,0,N/A,N/A,N/A
16,Draymond Green,FG_MISS,None,9:27,2,Warriors,Heat,26 - 41,0,25,3,Jumper
17,Quinn Cook,OFFENSIVE_REBOUND,None,9:25,2,Warriors,Heat,26 - 41,0,N/A,N/A,N/A
18,Quinn Cook,FG_UNASSISTED,None,9:24,2,Warriors,Heat,28 - 41,0,0,2,Layup
19,Dwyane Wade,FG_MISS,None,9:03,2,Heat,Warriors,28 - 41,1,26,3,Jumper
20,Quinn Cook,DEFENSIVE_REBOUND,None,8:59,2,Warriors,Heat,28 - 41,0,N/A,N/A,N/A
21,Quinn Cook,FG_UNASSISTED,None,8:53,2,Warriors,Heat,30 - 41,0,0,2,Layup
22,Josh Richardson,FG_MISS,None,8:30,2,Heat,Warriors,30 - 41,1,16,3,Jumper
23,Draymond Green,DEFENSIVE_REBOUND,None,8:27,2,Warriors,Heat,30 - 41,0,N/A,N/A,N/A
24,Klay Thompson,FG_UNASSISTED,None,8:18,2,Warriors,Heat,32 - 41,0,16,3,Jumper
25,Team,Unknown,None,8:18,2,Heat,Warriors,32 - 41,1,N/A,N/A,N/A
26,Derrick Jones,SUBSTITUTION,Wade Dwyane,8:18,2,Heat,Warriors,32 - 41,1,N/A,N/A,N/A
27,Bam Adebayo,SUBSTITUTION,Olynyk Kelly,8:18,2,Heat,Warriors,32 - 41,1,N/A,N/A,N/A
28,Draymond Green,Unknown,None,8:09,2,Warriors,Heat,32 - 41,0,N/A,N/A,N/A
29,Rodney McGruder,FG_UNASSISTED,None,8:00,2,Heat,Warriors,32 - 43,1,5,3,Jumper
30,Shaun Livingston,Unknown,None,8:00,2,Warriors,Heat,32 - 43,0,N/A,N/A,N/A
31,Klay Thompson,FG_UNASSISTED,None,7:46,2,Warriors,Heat,34 - 43,0,0,2,Layup
32,Goran Dragic,FG_UNASSISTED,None,7:22,2,Heat,Warriors,34 - 45,1,18,3,Jumper
33,Klay Thompson,FG_MISS,None,7:12,2,Warriors,Heat,34 - 45,0,24,3,Jumper
34,Bam Adebayo,DEFENSIVE_REBOUND,None,7:09,2,Heat,Warriors,34 - 45,1,N/A,N/A,N/A
35,Goran Dragic,FG_UNASSISTED,None,7:03,2,Heat,Warriors,34 - 48,1,26,3,Jumper
36,Klay Thompson,FG_ASSISTED,Quinn Cook,6:50,2,Warriors,Heat,36 - 48,0,19,3,Jumper
37,Goran Dragic,FG_ASSISTED,Josh Richardson,6:37,2,Heat,Warriors,36 - 51,1,26,3,Jumper
38,Derrick Jones,FOUL_ON_FLOOR,None,6:32,2,Heat,Warriors,36 - 51,1,N/A,N/A,N/A
39,Shaun Livingston,FT,None,6:32,2,Warriors,Heat,37 - 51,0,N/A,1,N/A
40,Dion Waiters,SUBSTITUTION,Richardson Josh,6:32,2,Heat,Warriors,37 - 51,1,N/A,N/A,N/A
41,Justise Winslow,SUBSTITUTION,Jones Derrick,6:32,2,Heat,Warriors,37 - 51,1,N/A,N/A,N/A
42,Stephen Curry,SUBSTITUTION,Cook Quinn,6:32,2,Warriors,Heat,37 - 51,0,N/A,N/A,N/A
43,Kevin Durant,SUBSTITUTION,Iguodala Andre,6:32,2,Warriors,Heat,37 - 51,0,N/A,N/A,N/A
44,Shaun Livingston,FT,None,6:32,2,Warriors,Heat,38 - 51,0,N/A,1,N/A
45,Draymond Green,FOUL_ON_FLOOR,None,6:13,2,Warriors,Heat,38 - 51,0,N/A,N/A,N/A
46,Goran Dragic,FT,None,6:13,2,Heat,Warriors,38 - 52,1,N/A,1,N/A
47,Goran Dragic,FT,None,6:13,2,Heat,Warriors,38 - 53,1,N/A,1,N/A
48,Kevon Looney,SUBSTITUTION,Thompson Klay,6:13,2,Warriors,Heat,38 - 53,0,N/A,N/A,N/A
49,Damion Lee,SUBSTITUTION,Green Draymond,6:13,2,Warriors,Heat,38 - 53,0,N/A,N/A,N/A
50,Goran Dragic,FT,None,6:13,2,Heat,Warriors,38 - 54,1,N/A,1,N/A
51,Kevin Durant,FG_MISS,None,5:56,2,Warriors,Heat,38 - 54,0,14,3,Jumper
52,Justise Winslow,DEFENSIVE_REBOUND,None,5:54,2,Heat,Warriors,38 - 54,1,N/A,N/A,N/A
53,Goran Dragic,FG_MISS,None,5:49,2,Heat,Warriors,38 - 54,1,27,3,Jumper
54,Rodney McGruder,OFFENSIVE_REBOUND,None,5:45,2,Heat,Warriors,38 - 54,1,N/A,N/A,N/A
55,Damion Lee,FOUL_ON_FLOOR,None,5:36,2,Warriors,Heat,38 - 54,0,N/A,N/A,N/A
56,Dion Waiters,FT,None,5:36,2,Heat,Warriors,38 - 55,1,N/A,1,N/A
57,Dion Waiters,FT_MISS,None,5:36,2,Heat,Warriors,38 - 55,1,N/A,1,N/A
58,Kevin Durant,DEFENSIVE_REBOUND,None,5:34,2,Warriors,Heat,38 - 55,0,N/A,N/A,N/A
59,Kevin Durant,FG_UNASSISTED,None,5:25,2,Warriors,Heat,40 - 55,0,7,3,Jumper
60,Rodney McGruder,FG_UNASSISTED,None,5:10,2,Heat,Warriors,40 - 57,1, ,3,Jumper
61,Stephen Curry,FG_MISS,None,5:01,2,Warriors,Heat,40 - 57,0,25,3,Jumper
62,Goran Dragic,DEFENSIVE_REBOUND,None,4:56,2,Heat,Warriors,40 - 57,1,N/A,N/A,N/A
63,Damion Lee,FOUL_ON_FLOOR,None,4:56,2,Warriors,Heat,40 - 57,0,N/A,N/A,N/A
64,Goran Dragic,FT,None,4:56,2,Heat,Warriors,40 - 58,1,N/A,1,N/A
65,Goran Dragic,FT,None,4:56,2,Heat,Warriors,40 - 59,1,N/A,1,N/A
66,Shaun Livingston,FG_MISS,None,4:44,2,Warriors,Heat,40 - 59,0,14,3,Jumper
67,Bam Adebayo,DEFENSIVE_REBOUND,None,4:40,2,Heat,Warriors,40 - 59,1,N/A,N/A,N/A
68,Justise Winslow,FG_UNASSISTED,None,4:34,2,Heat,Warriors,40 - 61,1,0,2,Layup
69,Kevon Looney,TURNOVER,Justise Winslow,4:23,2,Warriors,Heat,40 - 61,0,N/A,N/A,N/A
70,Bam Adebayo,FG_ASSISTED,Justise Winslow,4:20,2,Heat,Warriors,40 - 63,1,0,2,Dunk
71,Kevin Durant,FOUL_ON_FLOOR,None,4:20,2,Warriors,Heat,40 - 63,0,N/A,N/A,N/A
72,Andre Iguodala,SUBSTITUTION,Livingston Shaun,4:20,2,Warriors,Heat,40 - 63,0,N/A,N/A,N/A
73,Klay Thompson,SUBSTITUTION,Lee Damion,4:20,2,Warriors,Heat,40 - 63,0,N/A,N/A,N/A
74,Bam Adebayo,FT,None,4:20,2,Heat,Warriors,40 - 64,1,N/A,1,N/A
75,Dion Waiters,FOUL_ON_FLOOR,None,4:13,2,Heat,Warriors,40 - 64,1,N/A,N/A,N/A
76,Kevin Durant,FG_MISS,None,4:08,2,Warriors,Heat,40 - 64,0,24,3,Jumper
77,Goran Dragic,DEFENSIVE_REBOUND,None,4:05,2,Heat,Warriors,40 - 64,1,N/A,N/A,N/A
78,Goran Dragic,FG_MISS,None,4:02,2,Heat,Warriors,40 - 64,1,27,3,Jumper
79,Rodney McGruder,OFFENSIVE_REBOUND,None,4:00,2,Heat,Warriors,40 - 64,1,N/A,N/A,N/A
80,Justise Winslow,FG_MISS,None,3:58,2,Heat,Warriors,40 - 64,1,26,3,Jumper
81,Kevon Looney,DEFENSIVE_REBOUND,None,3:58,2,Warriors,Heat,40 - 64,0,N/A,N/A,N/A
82,Goran Dragic,FOUL_ON_FLOOR,None,3:51,2,Heat,Warriors,40 - 64,1,N/A,N/A,N/A
83,Klay Thompson,FG_UNASSISTED,None,3:41,2,Warriors,Heat,43 - 64,0,27,3,Jumper
84,Justise Winslow,FG_ASSISTED,Goran Dragic,3:21,2,Heat,Warriors,43 - 67,1,24,3,Jumper
85,Klay Thompson,FG_ASSISTED,Kevin Durant,3:07,2,Warriors,Heat,45 - 67,0,17,3,Jumper
86,Kevon Looney,FOUL_ON_FLOOR,None,2:59,2,Warriors,Heat,45 - 67,0,N/A,N/A,N/A
87,Goran Dragic,FT,None,2:59,2,Heat,Warriors,45 - 68,1,N/A,1,N/A
88,Josh Richardson,SUBSTITUTION,McGruder Rodney,2:59,2,Heat,Warriors,45 - 68,1,N/A,N/A,N/A
89,Jordan Bell,SUBSTITUTION,Looney Kevon,2:59,2,Warriors,Heat,45 - 68,0,N/A,N/A,N/A
90,Goran Dragic,FT,None,2:59,2,Heat,Warriors,45 - 69,1,N/A,1,N/A
91,Jordan Bell,FG_MISS,Bam Adebayo,2:45,2,Heat,Warriors,45 - 69,0,0,2,Layup
92,Andre Iguodala,OFFENSIVE_REBOUND,None,2:42,2,Warriors,Heat,45 - 69,0,N/A,N/A,N/A
93,Kevin Durant,FG_MISS,None,2:41,2,Warriors,Heat,45 - 69,0,24,3,Jumper
94,Josh Richardson,DEFENSIVE_REBOUND,None,2:39,2,Heat,Warriors,45 - 69,1,N/A,N/A,N/A
95,Goran Dragic,TURNOVER,Jordan Bell,2:34,2,Heat,Warriors,45 - 69,1,N/A,N/A,N/A
96,Klay Thompson,FG_ASSISTED,Jordan Bell,2:26,2,Warriors,Heat,47 - 69,0,0,2,Layup
97,Bam Adebayo,FG_MISS,None,2:08,2,Heat,Warriors,47 - 69,1,17,3,Jumper
98,Stephen Curry,DEFENSIVE_REBOUND,None,2:02,2,Warriors,Heat,47 - 69,0,N/A,N/A,N/A
99,Stephen Curry,FG_MISS,None,2:01,2,Warriors,Heat,47 - 69,0,25,3,Jumper
100,Jordan Bell,OFFENSIVE_REBOUND,None,1:57,2,Warriors,Heat,47 - 69,0,N/A,N/A,N/A
101,Jordan Bell,FG_UNASSISTED,None,1:57,2,Warriors,Heat,49 - 69,0,0,2,Dunk
102,Goran Dragic,FG_UNASSISTED,None,1:36,2,Heat,Warriors,49 - 71,1,4,3,Jumper
103,Andre Iguodala,FG_ASSISTED,Klay Thompson,1:25,2,Warriors,Heat,51 - 71,0,0,2,Dunk
104,Justise Winslow,TURNOVER,Klay Thompson,1:06,2,Heat,Warriors,51 - 71,1,N/A,N/A,N/A
105,Goran Dragic,FOUL_ON_FLOOR,None,1:05,2,Heat,Warriors,51 - 71,1,N/A,N/A,N/A
106,Dwyane Wade,SUBSTITUTION,Dragic Goran,1:05,2,Heat,Warriors,51 - 71,1,N/A,N/A,N/A
107,Kelly Olynyk,SUBSTITUTION,Waiters Dion,1:05,2,Heat,Warriors,51 - 71,1,N/A,N/A,N/A
108,Rodney McGruder,SUBSTITUTION,Adebayo Bam,1:05,2,Heat,Warriors,51 - 71,1,N/A,N/A,N/A
109,Stephen Curry,FG_UNASSISTED,None,56.4,2,Warriors,Heat,53 - 71,0,0,2,Layup
110,Dwyane Wade,FG_UNASSISTED,None,39.8,2,Heat,Warriors,53 - 74,1, ,3,Jumper
111,Kevin Durant,FG_UNASSISTED,None,33.0,2,Warriors,Heat,56 - 74,0,27,3,Jumper
112,Dwyane Wade,TURNOVER,None,17.5,2,Heat,Warriors,56 - 74,1,N/A,N/A,N/A
113,Klay Thompson,FG_ASSISTED,Stephen Curry,6.2,2,Warriors,Heat,59 - 74,0,25,3,Jumper
114,Justise Winslow,FOUL_ON_FLOOR,None,6.2,2,Heat,Warriors,59 - 74,1,N/A,N/A,N/A
115,Jordan Bell,FT_MISS,None,6.2,2,Warriors,Heat,59 - 74,0,N/A,1,N/A
116,Dwyane Wade,DEFENSIVE_REBOUND,None,3.9,2,Heat,Warriors,59 - 74,1,N/A,N/A,N/A
117,Justise Winslow,FG_MISS,None,0.0,2,Heat,Warriors,59 - 74,1,24,3,Jumper
118,Team,OFFENSIVE_REBOUND,None,0.0,2,Heat,Warriors,59 - 74,1,N/A,N/A,N/A
119,End of,Unknown,None,0.0,2,Heat,Warriors,59 - 74,1,N/A,N/A,N/A
0,Bam Adebayo,SUBSTITUTION,Wade Dwyane,12:00,3,Heat,Warriors,59 - 74,1,N/A,N/A,N/A
1,Dion Waiters,SUBSTITUTION,McGruder Rodney,12:00,3,Heat,Warriors,59 - 74,1,N/A,N/A,N/A
2,Draymond Green,SUBSTITUTION,Bell Jordan,12:00,3,Warriors,Heat,59 - 74,0,N/A,N/A,N/A
3,Kevon Looney,SUBSTITUTION,Iguodala Andre,12:00,3,Warriors,Heat,59 - 74,0,N/A,N/A,N/A
4,Josh Richardson,FG_MISS,Kevin Durant,11:44,3,Warriors,Heat,59 - 74,1,15,3,Jumper
5,Kevon Looney,DEFENSIVE_REBOUND,None,11:41,3,Warriors,Heat,59 - 74,0,N/A,N/A,N/A
6,Kevin Durant,FG_MISS,None,11:28,3,Warriors,Heat,59 - 74,0,25,3,Jumper
7,Justise Winslow,DEFENSIVE_REBOUND,None,11:26,3,Heat,Warriors,59 - 74,1,N/A,N/A,N/A
8,Kevin Durant,FOUL_ON_FLOOR,None,11:16,3,Warriors,Heat,59 - 74,0,N/A,N/A,N/A
9,Bam Adebayo,FT_MISS,None,11:16,3,Heat,Warriors,59 - 74,1,N/A,1,N/A
10,Team,OFFENSIVE_REBOUND,None,11:16,3,Heat,Warriors,59 - 74,1,N/A,N/A,N/A
11,Bam Adebayo,FT,None,11:16,3,Heat,Warriors,59 - 75,1,N/A,1,N/A
12,Josh Richardson,FOUL_ON_FLOOR,None,11:04,3,Heat,Warriors,59 - 75,1,N/A,N/A,N/A
13,Klay Thompson,FG_MISS,None,10:52,3,Warriors,Heat,59 - 75,0,26,3,Jumper
14,Stephen Curry,OFFENSIVE_REBOUND,None,10:50,3,Warriors,Heat,59 - 75,0,N/A,N/A,N/A
15,Stephen Curry,FG_UNASSISTED,None,10:48,3,Warriors,Heat,61 - 75,0, ,3,Jumper
16,Dion Waiters,FG_UNASSISTED,None,10:31,3,Heat,Warriors,61 - 78,1,26,3,Jumper
17,Stephen Curry,FG_ASSISTED,Kevon Looney,10:25,3,Warriors,Heat,64 - 78,0,25,3,Jumper
18,Josh Richardson,FOUL_ON_FLOOR,None,10:25,3,Heat,Warriors,64 - 78,1,N/A,N/A,N/A
19,Stephen Curry,FT,None,10:25,3,Warriors,Heat,65 - 78,0,N/A,1,N/A
20,Dion Waiters,FG_MISS,None,10:09,3,Heat,Warriors,65 - 78,1,23,3,Jumper
21,Kevin Durant,DEFENSIVE_REBOUND,None,10:07,3,Warriors,Heat,65 - 78,0,N/A,N/A,N/A
22,Kevin Durant,FG_MISS,None,10:03,3,Warriors,Heat,65 - 78,0,25,3,Jumper
23,Dion Waiters,DEFENSIVE_REBOUND,None,9:59,3,Heat,Warriors,65 - 78,1,N/A,N/A,N/A
24,Kelly Olynyk,FG_MISS,None,9:52,3,Heat,Warriors,65 - 78,1,15,3,Jumper
25,Kevon Looney,DEFENSIVE_REBOUND,None,9:49,3,Warriors,Heat,65 - 78,0,N/A,N/A,N/A
26,Kevin Durant,FG_ASSISTED,Stephen Curry,9:44,3,Warriors,Heat,67 - 78,0,0,2,Layup
27,Kelly Olynyk,FOUL_ON_FLOOR,None,9:44,3,Heat,Warriors,67 - 78,1,N/A,N/A,N/A
28,Kevin Durant,FT,None,9:44,3,Warriors,Heat,68 - 78,0,N/A,1,N/A
29,Josh Richardson,FG_MISS,None,9:26,3,Heat,Warriors,68 - 78,1,21,3,Jumper
30,Kelly Olynyk,OFFENSIVE_REBOUND,None,9:24,3,Heat,Warriors,68 - 78,1,N/A,N/A,N/A
31,Kelly Olynyk,FG_UNASSISTED,None,9:20,3,Heat,Warriors,68 - 80,1,8,3,Jumper
32,Stephen Curry,FG_MISS,None,9:10,3,Warriors,Heat,68 - 80,0,28,3,Jumper
33,Justise Winslow,DEFENSIVE_REBOUND,None,9:08,3,Heat,Warriors,68 - 80,1,N/A,N/A,N/A
34,Justise Winslow,FG_MISS,None,9:02,3,Heat,Warriors,68 - 80,1,0,2,Layup
35,Kevon Looney,DEFENSIVE_REBOUND,None,9:00,3,Warriors,Heat,68 - 80,0,N/A,N/A,N/A
36,Klay Thompson,FG_ASSISTED,Kevin Durant,8:56,3,Warriors,Heat,71 - 80,0,23,3,Jumper
37,Justise Winslow,FG_ASSISTED,Josh Richardson,8:37,3,Heat,Warriors,71 - 83,1,22,3,Jumper
38,Klay Thompson,FG_MISS,None,8:31,3,Warriors,Heat,71 - 83,0,24,3,Jumper
39,Team,DEFENSIVE_REBOUND,None,8:29,3,Heat,Warriors,71 - 83,1,N/A,N/A,N/A
40,Justise Winslow,FG_MISS,None,8:16,3,Heat,Warriors,71 - 83,1,24,3,Jumper
41,Stephen Curry,DEFENSIVE_REBOUND,None,8:16,3,Warriors,Heat,71 - 83,0,N/A,N/A,N/A
42,Kelly Olynyk,FOUL_ON_FLOOR,None,8:16,3,Heat,Warriors,71 - 83,1,N/A,N/A,N/A
43,Stephen Curry,FG_MISS,None,8:02,3,Warriors,Heat,71 - 83,0,30,3,Jumper
44,Bam Adebayo,DEFENSIVE_REBOUND,None,7:59,3,Heat,Warriors,71 - 83,1,N/A,N/A,N/A
45,Draymond Green,FOUL_ON_FLOOR,None,7:47,3,Warriors,Heat,71 - 83,0,N/A,N/A,N/A
46,Justise Winslow,FT,None,7:47,3,Heat,Warriors,71 - 84,1,N/A,1,N/A
47,Jonas Jerebko,SUBSTITUTION,Green Draymond,7:47,3,Warriors,Heat,71 - 84,0,N/A,N/A,N/A
48,Justise Winslow,FT,None,7:47,3,Heat,Warriors,71 - 85,1,N/A,1,N/A
49,Dion Waiters,FOUL_ON_FLOOR,None,7:27,3,Heat,Warriors,71 - 85,1,N/A,N/A,N/A
50,Kevin Durant,FT_MISS,None,7:27,3,Warriors,Heat,71 - 85,0,N/A,1,N/A
51,Team,OFFENSIVE_REBOUND,None,7:27,3,Warriors,Heat,71 - 85,0,N/A,N/A,N/A
52,Kevin Durant,FT,None,7:27,3,Warriors,Heat,72 - 85,0,N/A,1,N/A
53,Dion Waiters,FG_MISS,None,7:06,3,Heat,Warriors,72 - 85,1,17,3,Jumper
54,Stephen Curry,DEFENSIVE_REBOUND,None,7:03,3,Warriors,Heat,72 - 85,0,N/A,N/A,N/A
55,Josh Richardson,FOUL_ON_FLOOR,None,6:55,3,Heat,Warriors,72 - 85,1,N/A,N/A,N/A
56,Team,Unknown,None,6:55,3,Heat,Warriors,72 - 85,1,N/A,N/A,N/A
57,Stephen Curry,FT,None,6:55,3,Warriors,Heat,73 - 85,0,N/A,1,N/A
58,Stephen Curry,FT_MISS,None,6:55,3,Warriors,Heat,73 - 85,0,N/A,1,N/A
59,Justise Winslow,DEFENSIVE_REBOUND,None,6:53,3,Heat,Warriors,73 - 85,1,N/A,N/A,N/A
60,Josh Richardson,FG_UNASSISTED,None,6:33,3,Heat,Warriors,73 - 88,1,24,3,Jumper
61,Jonas Jerebko,FG_MISS,None,6:16,3,Warriors,Heat,73 - 88,0,19,3,Jumper
62,Kevon Looney,OFFENSIVE_REBOUND,None,6:15,3,Warriors,Heat,73 - 88,0,N/A,N/A,N/A
63,Kevin Durant,FG_ASSISTED,Kevon Looney,6:11,3,Warriors,Heat,76 - 88,0,26,3,Jumper
64,Dion Waiters,FOUL_ON_FLOOR,None,6:02,3,Heat,Warriors,76 - 88,1,N/A,N/A,N/A
65,Dion Waiters,TURNOVER,None,6:02,3,Heat,Warriors,76 - 88,1,N/A,N/A,N/A
66,Dwyane Wade,SUBSTITUTION,Waiters Dion,6:02,3,Heat,Warriors,76 - 88,1,N/A,N/A,N/A
67,Jordan Bell,SUBSTITUTION,Looney Kevon,6:02,3,Warriors,Heat,76 - 88,0,N/A,N/A,N/A
68,Klay Thompson,FG_ASSISTED,Stephen Curry,5:55,3,Warriors,Heat,79 - 88,0,26,3,Jumper
69,Dwyane Wade,FG_MISS,None,5:32,3,Heat,Warriors,79 - 88,1,18,3,Jumper
70,Kevin Durant,DEFENSIVE_REBOUND,None,5:25,3,Warriors,Heat,79 - 88,0,N/A,N/A,N/A
71,Klay Thompson,FG_MISS,None,5:20,3,Warriors,Heat,79 - 88,0,24,3,Jumper
72,Bam Adebayo,DEFENSIVE_REBOUND,None,5:20,3,Heat,Warriors,79 - 88,1,N/A,N/A,N/A
73,Josh Richardson,FG_ASSISTED,Bam Adebayo,5:06,3,Heat,Warriors,79 - 91,1, ,3,Jumper
74,Jonas Jerebko,FG_ASSISTED,Kevin Durant,4:54,3,Warriors,Heat,82 - 91,0,24,3,Jumper
75,Justise Winslow,FG_MISS,None,4:30,3,Heat,Warriors,82 - 91,1,25,3,Jumper
76,Stephen Curry,DEFENSIVE_REBOUND,None,4:28,3,Warriors,Heat,82 - 91,0,N/A,N/A,N/A
77,Stephen Curry,FG_MISS,None,4:24,3,Warriors,Heat,82 - 91,0,30,3,Jumper
78,Bam Adebayo,DEFENSIVE_REBOUND,None,4:21,3,Heat,Warriors,82 - 91,1,N/A,N/A,N/A
79,Kelly Olynyk,FG_MISS,None,4:11,3,Heat,Warriors,82 - 91,1,27,3,Jumper
80,Josh Richardson,OFFENSIVE_REBOUND,None,4:08,3,Heat,Warriors,82 - 91,1,N/A,N/A,N/A
81,Josh Richardson,FG_ASSISTED,Bam Adebayo,3:57,3,Heat,Warriors,82 - 93,1,18,3,Jumper
82,Team,Unknown,None,3:57,3,Warriors,Heat,82 - 93,0,N/A,N/A,N/A
83,Goran Dragic,SUBSTITUTION,Olynyk Kelly,3:57,3,Heat,Warriors,82 - 93,1,N/A,N/A,N/A
84,Derrick Jones,SUBSTITUTION,Winslow Justise,3:57,3,Heat,Warriors,82 - 93,1,N/A,N/A,N/A
85,Andre Iguodala,SUBSTITUTION,Thompson Klay,3:57,3,Warriors,Heat,82 - 93,0,N/A,N/A,N/A
86,Kevin Durant,FG_MISS,None,3:46,3,Warriors,Heat,82 - 93,0,27,3,Jumper
87,Goran Dragic,DEFENSIVE_REBOUND,None,3:42,3,Heat,Warriors,82 - 93,1,N/A,N/A,N/A
88,Dwyane Wade,FG_MISS,Kevin Durant,3:32,3,Warriors,Heat,82 - 93,1,0,2,Layup
89,Derrick Jones,OFFENSIVE_REBOUND,None,3:29,3,Heat,Warriors,82 - 93,1,N/A,N/A,N/A
90,Derrick Jones,FG_MISS,None,3:27,3,Heat,Warriors,82 - 93,1,0,2,Layup
91,Jonas Jerebko,DEFENSIVE_REBOUND,None,3:26,3,Warriors,Heat,82 - 93,0,N/A,N/A,N/A
92,Stephen Curry,FG_UNASSISTED,None,3:17,3,Warriors,Heat,85 - 93,0,26,3,Jumper
93,Derrick Jones,TURNOVER,None,2:56,3,Heat,Warriors,85 - 93,1,N/A,N/A,N/A
94,Derrick Jones,TURNOVER,None,2:56,3,Heat,Warriors,85 - 93,1,N/A,N/A,N/A
95,Stephen Curry,FG_MISS,Dwyane Wade,2:40,3,Heat,Warriors,85 - 93,0,2,3,Jumper
96,Bam Adebayo,DEFENSIVE_REBOUND,None,2:37,3,Heat,Warriors,85 - 93,1,N/A,N/A,N/A
97,Josh Richardson,FG_MISS,None,2:30,3,Heat,Warriors,85 - 93,1,2,3,Jumper
98,Jordan Bell,DEFENSIVE_REBOUND,None,2:28,3,Warriors,Heat,85 - 93,0,N/A,N/A,N/A
99,Josh Richardson,FOUL_ON_FLOOR,None,2:25,3,Heat,Warriors,85 - 93,1,N/A,N/A,N/A
100,Quinn Cook,SUBSTITUTION,Curry Stephen,2:25,3,Warriors,Heat,85 - 93,0,N/A,N/A,N/A
101,Jordan Bell,FT_MISS,None,2:25,3,Warriors,Heat,85 - 93,0,N/A,1,N/A
102,Team,OFFENSIVE_REBOUND,None,2:25,3,Warriors,Heat,85 - 93,0,N/A,N/A,N/A
103,Rodney McGruder,SUBSTITUTION,Richardson Josh,2:25,3,Heat,Warriors,85 - 93,1,N/A,N/A,N/A
104,Kelly Olynyk,SUBSTITUTION,Adebayo Bam,2:25,3,Heat,Warriors,85 - 93,1,N/A,N/A,N/A
105,Jordan Bell,FT,None,2:25,3,Warriors,Heat,86 - 93,0,N/A,1,N/A
106,Dwyane Wade,FG_UNASSISTED,None,2:10,3,Heat,Warriors,86 - 96,1,23,3,Jumper
107,Kevin Durant,FG_MISS,None,2:00,3,Warriors,Heat,86 - 96,0,25,3,Jumper
108,Jordan Bell,OFFENSIVE_REBOUND,None,2:00,3,Warriors,Heat,86 - 96,0,N/A,N/A,N/A
109,Kelly Olynyk,FOUL_ON_FLOOR,None,2:00,3,Heat,Warriors,86 - 96,1,N/A,N/A,N/A
110,Jordan Bell,FT,None,2:00,3,Warriors,Heat,87 - 96,0,N/A,1,N/A
111,Udonis Haslem,SUBSTITUTION,Olynyk Kelly,2:00,3,Heat,Warriors,87 - 96,1,N/A,N/A,N/A
112,Jordan Bell,FT,None,2:00,3,Warriors,Heat,88 - 96,0,N/A,1,N/A
113,Dwyane Wade,FG_MISS,None,1:44,3,Heat,Warriors,88 - 96,1,16,3,Jumper
114,Jonas Jerebko,DEFENSIVE_REBOUND,None,1:42,3,Warriors,Heat,88 - 96,0,N/A,N/A,N/A
115,Goran Dragic,FOUL_ON_FLOOR,None,1:40,3,Heat,Warriors,88 - 96,1,N/A,N/A,N/A
116,Jonas Jerebko,FT_MISS,None,1:40,3,Warriors,Heat,88 - 96,0,N/A,1,N/A
117,Team,OFFENSIVE_REBOUND,None,1:40,3,Warriors,Heat,88 - 96,0,N/A,N/A,N/A
118,Jonas Jerebko,FT,None,1:40,3,Warriors,Heat,89 - 96,0,N/A,1,N/A
119,Goran Dragic,FG_MISS,None,1:15,3,Heat,Warriors,89 - 96,1,23,3,Jumper
120,Derrick Jones,OFFENSIVE_REBOUND,None,1:14,3,Heat,Warriors,89 - 96,1,N/A,N/A,N/A
121,Derrick Jones,FG_UNASSISTED,None,1:13,3,Heat,Warriors,89 - 98,1, ,3,Jumper
122,Team,Unknown,None,1:13,3,Heat,Warriors,89 - 98,1,N/A,N/A,N/A
123,Jonas Jerebko's,FG_MISS,Dwyane Wade,54.1,3,Heat,Warriors,89 - 98,0,0,2,Layup
124,Udonis Haslem,DEFENSIVE_REBOUND,None,52.4,3,Heat,Warriors,89 - 98,1,N/A,N/A,N/A
125,Kevin Durant,FOUL_ON_FLOOR,None,50.4,3,Warriors,Heat,89 - 98,0,N/A,N/A,N/A
126,Rodney McGruder,FT,None,50.4,3,Heat,Warriors,89 - 99,1,N/A,1,N/A
127,Rodney McGruder,FT,None,50.4,3,Heat,Warriors,89 - 100,1,N/A,1,N/A
128,Quinn Cook,FG_ASSISTED,Jordan Bell,38.6,3,Warriors,Heat,91 - 100,0,16,3,Jumper
129,Dwyane Wade,FG_MISS,None,22.4,3,Heat,Warriors,91 - 100,1,26,3,Jumper
130,Andre Iguodala,DEFENSIVE_REBOUND,None,18.9,3,Warriors,Heat,91 - 100,0,N/A,N/A,N/A
131,Goran Dragic,FOUL_ON_FLOOR,None,2.7,3,Heat,Warriors,91 - 100,1,N/A,N/A,N/A
132,Jordan Bell,FT,None,2.7,3,Warriors,Heat,92 - 100,0,N/A,1,N/A
133,Alfonzo McKinnie,SUBSTITUTION,Cook Quinn,2.7,3,Warriors,Heat,92 - 100,0,N/A,N/A,N/A
134,Shaun Livingston,SUBSTITUTION,Durant Kevin,2.7,3,Warriors,Heat,92 - 100,0,N/A,N/A,N/A
135,Jordan Bell,FT_MISS,None,2.7,3,Warriors,Heat,92 - 100,0,N/A,1,N/A
136,Dwyane Wade,DEFENSIVE_REBOUND,None,0.6,3,Heat,Warriors,92 - 100,1,N/A,N/A,N/A
137,End of,Unknown,None,0.0,3,Heat,Warriors,92 - 100,1,N/A,N/A,N/A
0,Draymond Green,SUBSTITUTION,Bell Jordan,12:00,4,Warriors,Heat,92 - 100,0,N/A,N/A,N/A
1,Quinn Cook,SUBSTITUTION,Jerebko Jonas,12:00,4,Warriors,Heat,92 - 100,0,N/A,N/A,N/A
2,Klay Thompson,SUBSTITUTION,McKinnie Alfonzo,12:00,4,Warriors,Heat,92 - 100,0,N/A,N/A,N/A
3,Shaun Livingston,FG_MISS,Derrick Jones,11:35,4,Heat,Warriors,92 - 100,0,5,3,Jumper
4,Team,OFFENSIVE_REBOUND,None,11:35,4,Warriors,Heat,92 - 100,0,N/A,N/A,N/A
5,shot clock,TURNOVER,None,11:28,4,Warriors,Heat,92 - 100,0,N/A,N/A,N/A
6,Dwyane Wade,TURNOVER,Draymond Green,11:19,4,Heat,Warriors,92 - 100,1,N/A,N/A,N/A
7,Andre Iguodala,TURNOVER,None,11:17,4,Warriors,Heat,92 - 100,0,N/A,N/A,N/A
8,Andre Iguodala,TURNOVER,None,11:17,4,Warriors,Heat,92 - 100,0,N/A,N/A,N/A
9,Goran Dragic,FG_UNASSISTED,None,10:53,4,Heat,Warriors,92 - 102,1,4,3,Jumper
10,Andre Iguodala,FG_ASSISTED,Draymond Green,10:32,4,Warriors,Heat,95 - 102,0,1,3,Jumper
11,Goran Dragic,TURNOVER,Klay Thompson,10:14,4,Heat,Warriors,95 - 102,1,N/A,N/A,N/A
12,Goran Dragic,FOUL_ON_FLOOR,None,10:14,4,Heat,Warriors,95 - 102,1,N/A,N/A,N/A
13,Josh Richardson,SUBSTITUTION,Dragic Goran,10:14,4,Heat,Warriors,95 - 102,1,N/A,N/A,N/A
14,Quinn Cook,FG_MISS,None,10:01,4,Warriors,Heat,95 - 102,0,1,3,Jumper
15,Udonis Haslem,DEFENSIVE_REBOUND,None,9:58,4,Heat,Warriors,95 - 102,1,N/A,N/A,N/A
16,Dwyane Wade,FG_MISS,None,9:50,4,Heat,Warriors,95 - 102,1,17,3,Jumper
17,Klay Thompson,DEFENSIVE_REBOUND,None,9:47,4,Warriors,Heat,95 - 102,0,N/A,N/A,N/A
18,Draymond Green,FG_MISS,None,9:44,4,Warriors,Heat,95 - 102,0,0,2,Layup
19,Josh Richardson,DEFENSIVE_REBOUND,None,9:42,4,Heat,Warriors,95 - 102,1,N/A,N/A,N/A
20,Udonis Haslem,FG_MISS,None,9:36,4,Heat,Warriors,95 - 102,1,23,3,Jumper
21,Rodney McGruder,OFFENSIVE_REBOUND,None,9:36,4,Heat,Warriors,95 - 102,1,N/A,N/A,N/A
22,Rodney McGruder,FG_UNASSISTED,None,9:29,4,Heat,Warriors,95 - 104,1,1,3,Jumper
23,Klay Thompson,FG_UNASSISTED,None,9:18,4,Warriors,Heat,97 - 104,0,14,3,Jumper
24,Rodney McGruder,FG_MISS,None,9:02,4,Heat,Warriors,97 - 104,1,23,3,Jumper
25,Draymond Green,DEFENSIVE_REBOUND,None,9:00,4,Warriors,Heat,97 - 104,0,N/A,N/A,N/A
26,Klay Thompson,FG_MISS,None,8:57,4,Warriors,Heat,97 - 104,0,29,3,Jumper
27,Dwyane Wade,DEFENSIVE_REBOUND,None,8:55,4,Heat,Warriors,97 - 104,1,N/A,N/A,N/A
28,Dwyane Wade,FG_UNASSISTED,None,8:36,4,Heat,Warriors,97 - 106,1,1,3,Jumper
29,Team,Unknown,None,8:25,4,Warriors,Heat,97 - 106,0,N/A,N/A,N/A
30,Bam Adebayo,SUBSTITUTION,Haslem Udonis,8:25,4,Heat,Warriors,97 - 106,1,N/A,N/A,N/A
31,Kevin Durant,SUBSTITUTION,Cook Quinn,8:25,4,Warriors,Heat,97 - 106,0,N/A,N/A,N/A
32,Stephen Curry,SUBSTITUTION,Iguodala Andre,8:25,4,Warriors,Heat,97 - 106,0,N/A,N/A,N/A
33,Draymond Green,FG_ASSISTED,Shaun Livingston,8:12,4,Warriors,Heat,100 - 106,0,23,3,Jumper
34,Derrick Jones,FG_MISS,None,8:11,4,Heat,Warriors,100 - 106,1,4,3,Jumper
35,Derrick Jones,OFFENSIVE_REBOUND,None,7:52,4,Heat,Warriors,100 - 106,1,N/A,N/A,N/A
36,Derrick Jones,FG_MISS,None,7:50,4,Heat,Warriors,100 - 106,1,3,3,Jumper
37,Derrick Jones,OFFENSIVE_REBOUND,None,7:50,4,Heat,Warriors,100 - 106,1,N/A,N/A,N/A
38,shot clock,TURNOVER,None,7:46,4,Heat,Warriors,100 - 106,1,N/A,N/A,N/A
39,Stephen Curry,FG_UNASSISTED,None,7:37,4,Warriors,Heat,103 - 106,0,25,3,Jumper
40,Josh Richardson,FG_UNASSISTED,None,7:14,4,Heat,Warriors,103 - 109,1,25,3,Jumper
41,Stephen Curry,FG_MISS,None,6:55,4,Warriors,Heat,103 - 109,0,24,3,Jumper
42,Bam Adebayo,DEFENSIVE_REBOUND,None,6:53,4,Heat,Warriors,103 - 109,1,N/A,N/A,N/A
43,Dwyane Wade,TURNOVER,Klay Thompson,6:47,4,Heat,Warriors,103 - 109,1,N/A,N/A,N/A
44,Klay Thompson,FG_MISS,Derrick Jones,6:44,4,Heat,Warriors,103 - 109,0,7,3,Jumper
45,Team,OFFENSIVE_REBOUND,None,6:44,4,Warriors,Heat,103 - 109,0,N/A,N/A,N/A
46,Dion Waiters,SUBSTITUTION,Wade Dwyane,6:44,4,Heat,Warriors,103 - 109,1,N/A,N/A,N/A
47,Justise Winslow,SUBSTITUTION,McGruder Rodney,6:44,4,Heat,Warriors,103 - 109,1,N/A,N/A,N/A
48,Kevin Durant,FG_ASSISTED,Stephen Curry,6:40,4,Warriors,Heat,105 - 109,0,13,3,Jumper
49,Team,Unknown,None,6:39,4,Heat,Warriors,105 - 109,1,N/A,N/A,N/A
50,Josh Richardson,FG_MISS,None,6:18,4,Heat,Warriors,105 - 109,1,24,3,Jumper
51,Klay Thompson,DEFENSIVE_REBOUND,None,6:15,4,Warriors,Heat,105 - 109,0,N/A,N/A,N/A
52,Kevin Durant,FG_UNASSISTED,None,5:59,4,Warriors,Heat,107 - 109,0,16,3,Jumper
53,Bam Adebayo,FG_MISS,None,5:37,4,Heat,Warriors,107 - 109,1,1,3,Jumper
54,Draymond Green,DEFENSIVE_REBOUND,None,5:35,4,Warriors,Heat,107 - 109,0,N/A,N/A,N/A
55,Derrick Jones,FOUL_ON_FLOOR,None,5:23,4,Heat,Warriors,107 - 109,1,N/A,N/A,N/A
56,Kelly Olynyk,SUBSTITUTION,Jones Derrick,5:23,4,Heat,Warriors,107 - 109,1,N/A,N/A,N/A
57,Andre Iguodala,SUBSTITUTION,Thompson Klay,5:23,4,Warriors,Heat,107 - 109,0,N/A,N/A,N/A
58,Kevin Durant,FG_UNASSISTED,None,5:09,4,Warriors,Heat,109 - 109,0,20,3,Jumper
59,Bam Adebayo,FG_ASSISTED,Josh Richardson,4:52,4,Heat,Warriors,109 - 111,1,0,2,Dunk
60,Josh Richardson,FOUL_ON_FLOOR,None,4:42,4,Heat,Warriors,109 - 111,1,N/A,N/A,N/A
61,Stephen Curry,FG_MISS,None,4:28,4,Warriors,Heat,109 - 111,0,25,3,Jumper
62,Bam Adebayo,DEFENSIVE_REBOUND,None,4:26,4,Heat,Warriors,109 - 111,1,N/A,N/A,N/A
63,Draymond Green,FOUL_ON_FLOOR,None,4:17,4,Warriors,Heat,109 - 111,0,N/A,N/A,N/A
64,Josh Richardson,FG_ASSISTED,Justise Winslow,4:08,4,Heat,Warriors,109 - 114,1,25,3,Jumper
65,Team,Unknown,None,4:03,4,Warriors,Heat,109 - 114,0,N/A,N/A,N/A
66,Klay Thompson,SUBSTITUTION,Livingston Shaun,4:03,4,Warriors,Heat,109 - 114,0,N/A,N/A,N/A
67,Klay Thompson,FG_ASSISTED,Kevin Durant,3:48,4,Warriors,Heat,112 - 114,0,23,3,Jumper
68,Dion Waiters,FOUL_ON_FLOOR,None,3:48,4,Heat,Warriors,112 - 114,1,N/A,N/A,N/A
69,Klay Thompson,FT,None,3:48,4,Warriors,Heat,113 - 114,0,N/A,1,N/A
70,Klay Thompson,FOUL_ON_FLOOR,None,3:36,4,Warriors,Heat,113 - 114,0,N/A,N/A,N/A
71,Bam Adebayo,FT_MISS,None,3:36,4,Heat,Warriors,113 - 114,1,N/A,1,N/A
72,Team,OFFENSIVE_REBOUND,None,3:36,4,Heat,Warriors,113 - 114,1,N/A,N/A,N/A
73,Dwyane Wade,SUBSTITUTION,Waiters Dion,3:36,4,Heat,Warriors,113 - 114,1,N/A,N/A,N/A
74,Bam Adebayo,FT_MISS,None,3:36,4,Heat,Warriors,113 - 114,1,N/A,1,N/A
75,Andre Iguodala,DEFENSIVE_REBOUND,None,3:34,4,Warriors,Heat,113 - 114,0,N/A,N/A,N/A
76,Klay Thompson,FG_UNASSISTED,None,3:16,4,Warriors,Heat,116 - 114,0,27,3,Jumper
77,Team,Unknown,None,3:16,4,Heat,Warriors,116 - 114,1,N/A,N/A,N/A
78,Josh Richardson,FG_ASSISTED,Bam Adebayo,3:09,4,Heat,Warriors,116 - 116,1,0,2,Layup
79,Klay Thompson,FG_MISS,None,2:49,4,Warriors,Heat,116 - 116,0,23,3,Jumper
80,Dwyane Wade,DEFENSIVE_REBOUND,None,2:47,4,Heat,Warriors,116 - 116,1,N/A,N/A,N/A
81,Josh Richardson,TURNOVER,None,2:40,4,Heat,Warriors,116 - 116,1,N/A,N/A,N/A
82,Stephen Curry,FG_UNASSISTED,None,2:26,4,Warriors,Heat,118 - 116,0,0,2,Layup
83,Draymond Green,FOUL_ON_FLOOR,None,2:18,4,Warriors,Heat,118 - 116,0,N/A,N/A,N/A
84,Jordan Bell,SUBSTITUTION,Green Draymond,2:18,4,Warriors,Heat,118 - 116,0,N/A,N/A,N/A
85,Kelly Olynyk,FG_MISS,None,2:05,4,Heat,Warriors,118 - 116,1,25,3,Jumper
86,Dwyane Wade,OFFENSIVE_REBOUND,None,2:03,4,Heat,Warriors,118 - 116,1,N/A,N/A,N/A
87,Dwyane Wade,FG_UNASSISTED,None,1:58,4,Heat,Warriors,118 - 118,1,16,3,Jumper
88,Justise Winslow,Unknown,None,1:50,4,Heat,Warriors,118 - 118,1,N/A,N/A,N/A
89,Stephen Curry,TURNOVER,Justise Winslow,1:32,4,Warriors,Heat,118 - 118,0,N/A,N/A,N/A
90,Josh Richardson,FG_MISS,None,1:18,4,Heat,Warriors,118 - 118,1,25,3,Jumper
91,Kevin Durant,DEFENSIVE_REBOUND,None,1:16,4,Warriors,Heat,118 - 118,0,N/A,N/A,N/A
92,Kevin Durant,FG_UNASSISTED,None,1:07,4,Warriors,Heat,121 - 118,0,26,3,Jumper
93,Bam Adebayo,FOUL_ON_FLOOR,None,1:07,4,Heat,Warriors,121 - 118,1,N/A,N/A,N/A
94,Kevin Durant,FT,None,1:07,4,Warriors,Heat,122 - 118,0,N/A,1,N/A
95,Team,Unknown,None,1:07,4,Heat,Warriors,122 - 118,1,N/A,N/A,N/A
96,Andre Iguodala,FOUL_ON_FLOOR,None,56.1,4,Warriors,Heat,122 - 118,0,N/A,N/A,N/A
97,Bam Adebayo,FT,None,56.1,4,Heat,Warriors,122 - 119,1,N/A,1,N/A
98,Bam Adebayo,FT,None,56.1,4,Heat,Warriors,122 - 120,1,N/A,1,N/A
99,Team,Unknown,None,38.7,4,Warriors,Heat,122 - 120,0,N/A,N/A,N/A
100,Kevin Durant,TURNOVER,Kelly Olynyk,33.0,4,Warriors,Heat,122 - 120,0,N/A,N/A,N/A
101,Kelly Olynyk,FG_MISS,None,18.5,4,Heat,Warriors,122 - 120,1,26,3,Jumper
102,Jordan Bell,DEFENSIVE_REBOUND,None,18.1,4,Warriors,Heat,122 - 120,0,N/A,N/A,N/A
103,Justise Winslow,FOUL_ON_FLOOR,None,18.1,4,Heat,Warriors,122 - 120,1,N/A,N/A,N/A
104,Jordan Bell,FT,None,18.1,4,Warriors,Heat,123 - 120,0,N/A,1,N/A
105,Jordan Bell,FT,None,18.1,4,Warriors,Heat,124 - 120,0,N/A,1,N/A
106,Team,Unknown,None,18.1,4,Heat,Warriors,124 - 120,1,N/A,N/A,N/A
107,Goran Dragic,SUBSTITUTION,Adebayo Bam,18.1,4,Heat,Warriors,124 - 120,1,N/A,N/A,N/A
108,Dwyane Wade,FG_ASSISTED,Justise Winslow,15.4,4,Heat,Warriors,124 - 123,1,26,3,Jumper
109,Goran Dragic,FOUL_ON_FLOOR,None,13.9,4,Heat,Warriors,124 - 123,1,N/A,N/A,N/A
110,Dion Waiters,SUBSTITUTION,Dragic Goran,13.9,4,Heat,Warriors,124 - 123,1,N/A,N/A,N/A
111,Kevin Durant,FT_MISS,None,13.9,4,Warriors,Heat,124 - 123,0,N/A,1,N/A
112,Team,OFFENSIVE_REBOUND,None,13.9,4,Warriors,Heat,124 - 123,0,N/A,N/A,N/A
113,Kevin Durant,FT,None,13.9,4,Warriors,Heat,125 - 123,0,N/A,1,N/A
114,Dwyane Wade's,FG_MISS,Jordan Bell,1.2,4,Warriors,Heat,125 - 123,1,1,3,Jumper
115,Dwyane Wade,OFFENSIVE_REBOUND,None,1.1,4,Heat,Warriors,125 - 123,1,N/A,N/A,N/A
116,Dwyane Wade,FG_UNASSISTED,None,0.8,4,Heat,Warriors,125 - 126,1,1,3,Jumper
117,End of,Unknown,None,0.0,4,Heat,Warriors,125 - 126,1,N/A,N/A,N/A
118,End of,Unknown,None,0.0,4,Heat,Warriors,125 - 126,1,N/A,N/A,N/A
